239191110741109712149444951  105104101 110101111 10411010210212111511811012197115111100 114116115
1141097011110199 11184109971111003967118108101105  111116 102110981018210911010210910844
104 1021011191141159899109 105 97111114116 117105583410273100 111 111115115 1041397116111 971059710510311610111597111 111114112116110 101105115 104116103110117 105108
10110111610110111510199115 101 110 101116101 101112115 1211051011171081164411011410010911013111 10111697 10499  97101105 111 110109 1111031185911511010111697 10499 116110115
108110 110101101121104110 97 110110116105103102110 116 1111101011121144687101101111101121117131081141151054495104 110121108103116105 117 103 11199115102100116 1041151191141009510411811013110 11397 1141121014499110111 10510011511611597116111 110116101119114 10297121111104114
97100 102 10411410211444116105 11411697 11011610111911411511910510473104112 110 11410911513116 12099116 104117100104112101 111112101115 1114473115111108 9710811697 111107 11113103111449811610211411797101 110 10273115111108 118114102101 115117101 10411645115104115
101110114112114101 1111094573104118 105101 111114108114115105 9710510299105110105 11013116105103111 1101161014473119108 9710197103102 111121117111 12111210110111697100111 1081311697 104 117117101109121981051031095997100105 10510898  11497 97110116 101116 101
11098101116 1019710811610111211544105 114101 111115114101121117115 11710411610110811010144
11011697 102104118110 1101211161011021161144411910510499110111 101108110441151101017397 10813116111111100 104114 115110116105103109114 101116102114109 111115121 101100109 101114 11013110116109 101116114 111 12111211099110111 11211497104116101101112101115111 102109 111100
10510834  131367118108101105119105101 11177999710865103108 104116104 10197100 105115108 115981141397101 10599 10110411599109 111107111 104 97116114 104 1011081014434 111 12111211413115111108 10197100109115108 115110116981144498114 101100 114100115114101 12110497101 11013101114104 102121117 101116114 97 111 114117104 101116101112114117115111 10411612111713108114115105 99101116 105104102118117 101116105 102109 11110746 110 11097108116101 102
104 111108119110 117109114116 1019711697 101 105109111 10111511011597103101116110 111
1011151148410997111 105104116101119114115 739810810110195 1041171001051159711612110210813100119 101100 102104 101101110 111103114105 12111611110311646915293

105104101 11010111111297115117111 105 1141011001151151149710197 104107115101114 10812113117111 105 11410110011567114115105110110109468410110197101116101108115 105101 102116101
1041141211021141161151101015845

 341011181103910111210139105 10198 115101 10111644
  101971051089711011010111544110100  11111113  82115111112105105110100117 671181081019597109116461313  34102111108 104105115971009811011599110109107 1019810111613   111109114101 102971111019710098114  111
  65 114101 1101031161159911210510197100115971019911010111510034
  954665 1211111009541

110111104114115110101115116101116110 115110 101115112115105110116 104110839710111297101115
4597101 111 1201091084411610111610111645101111100451313  34111101116110101108 101999799 104110105 12110010113   111114115105105 101115105116 12110497116 104114 105101
  8410110297101 102104108 1111151054411011410011010113   104 11499 101101118100102114116111101119111104109108 11746
  79 108115101 97 10411012111797 971169710110911033
  76116116109 116110 116108449710010811611011139 104114111 11612113   105101 10111697 111101116111 104 105108111 10111811013   104116731091219997112971001071014498 11499 10510510145
  6797112105 104115 10111410510397109 110 10111210211497101
  77 10111439 111101 111100116 101100115114108115 10510146915393
                  954665 1211111009541

1109910997105111 10510467118108101105 105104101 11010111199117100119116 11711699 97108
105115108 1084683109 1141169944111 104 116101 97100 97101115101 110116101102991311697 104107115101114 97 111 10110812111110097 104 105101119101 104 111110116 101101
1141161014497112111102111 104105 1111181101051101089710011711497 10411499101466611611610513105 111111101108111 104 10197105105121111 104 101109 1159910997101 105104971211171041111310110311610144839710111297101119115105 102101116111100 10510410411511512010111097100116111971312197115971009710810411510111211410199 1021081024665100105 10197101114103116105 1151051101101383110101115108105105 110 120105105 11111610112197 5448111 5449 104107115101114 9713116101 10199101 104 103 102116105116451011014497 103 11611910510440109110 1051399110101112114114101416897116110105 105 7310195100101108 117116 110116101115109 112114116
112110116101119105107101 10297101105 105 97101 110 116119105104 115841081141041151181141397116121112105116100111116 121111 1101041151159745111103117101 120114115105110 9811713104109101102119105104109103116104118 10111099112101 114109839710111297101115115118110121116105100
111110116 104107115101114 97115451313  34104116116109 10212197 104117109121116105 1019810410813   104110951011081191089710195 11411011044111 10144100 97103
  85111 104115 1111031151191051041159710197971101161161019910813   9710111410539 104105115 104114 971011161011151011169811411511511046131366114110116117 120114115101 1051151085845

  77 9711597101105 116101121108111 10110244  13    104 108119114 110 114105115111 1111019710110311044
  841011191144411610199110101 110 104 11410113    114 1051019711110134

110839710111297101119 101100451313  34110109 10411711510111695104 108119110 10211599 10510113   104116111 104 115101 102104115121117104100116 10513   115116101951011164510195119101101110105 11711610111211444
  6711011739 10510411697 10499 116119115110117105104100984613136611411011511911411597101451313  3484101102114 104116111 1219811510911210111513     73 11110197 11110111810897105 11510113   111116114104105 105100101 116105115989710145
   95 11710197 10510134

10411598116 111116 105101 104109101118115 116116105 111112114116118108 97108 1034411613116101119110114 111100 1051041161011141211081111051031089710144971001191161111169811111510913102117116 114116101115110 10298114115 110 1111049910997101116101102114 10499 11610813103111115105 104105 111108116  1111059712110297101119105104102110115110 111114115109110 114109
105104117468410197104115111 1211211171049899109 116 1011164510144115121 10410711510111446
104121971019710211011410811210844115121 12111146

111 115105 11111598101116 11199117101 1158310499 111115 114109116101991101011161119713115121101111 104 105115 101101116101 11111011645102114105115979944102111 104105 108111116
10198108105101116116 1051049711211597101105 10511012111595114971059545104116116101 11413113105101100118105 102114108116111 11111610111210139 119 105101131373 10411444116101101101101116 102116109111971211021151051109710099110101116111 10499 112101114
11011610183110101115105 11111912111211110111697 104121119114 111 101117110 12011411510511013111 104 1111161159711697 101108110115131384101 97 97101116 11597115100 102104115999797116114119105104100101 111 1121011141051311610111297115 101115101105 105 110101111105110108110116114 10510497112115105110116 101116
11197100 101102115114101100114105 11110197100105111971144497100119116  11111411511110011044
104117104108115 1201011151184412197110110 11198 11110146

10110897110102111 104 111110116 11111997  101114101839710111297101119115111112101115100
110 111109110101 121104115115110101111 104 111116109116105 10499 104 9911139 97108110131191151041084684101115111110111 110105110 1111011021141161011091171169811044116101104114111 102
110105110 117101 111 104101101 105103105101 105115108 110116101103114101116 102116101
116101 101449710010211010812111610197101111100104116101 10267114115105110116 111 10497114115
110 108 104 10111297105110 104116102108111 1101161011141169711045108 104115 97105115
10211611110311610410098101 97100100100119 114109103110114116111 1111031101141161114497100 115
11710597105109103101 110115114110116 110 971101001161011171121141041104410410098103116101 1399110101112117117 111101111 11710899111105105110117100114119105104115 101115116118  97117101
1158397101112971011159911710011011698116115102101 101110121 101119115110116114103114101 115
 11111611911111011997100116101 99101449811697 1109711611411911111011997100116101 1141161311297115 11611911597112105 111104109116 10110811697 10198108110101 1119799115101119105104
97 111991189911597117467211010110411599109108105116 11083110101 12012044111 101110 1051310011511499 1051041021141171019710010911011510110146 1019944105 11111011612012010544104115
1151179799 111104115102105110 104116104 105108110116111116117101111 11610111511610110299 102
104105 114101100104112451313  34 97 111 1181141111019710711110810010111610144
  76115 12198119105101 117108 104117100100 1041011159710113   111 104117119116 11710899107110110115 11111111410944
  85108115 104117116107 104116104110117 11410911612111010958
  66116100 111 111  111101116101 11011599 11111613   115 1041179810510310911044109110 115116121103111 10111111634

104 10511611499109108105116105 111110116108120105 101109 97104114116 101101 111116101
1141161141151151169710511097  1141091161155845


  701147397 10410910098 104116119105104739810510310211410413   110 111115111108 11144116 111101116105103 111104110 11111646131384101109108110104108 10499 105108 1111101169946105 999710511010098 104 114116114115
11410211510511097100104115110116114 11597112101 110 114105116451313  34108115 1161151161174473104118 111101104114 110 10411444
  65100109100 12110110297109116101 11111610111810159
  71114100109110 119 104117104115 1111009910111211997 115109115 10111413   97101111100111102110101 1029710299105110 10158
  77115 114101105 115 10411673104118 111107100111 11411613   1159799 110 116971031085998116 121971089711110113   104115 108110104115103118 121104971169711110411412111710413   110 111115 1159711511211139 104101109 101116111 11110134

1019944102110108121 105 10111497104116 11111611044105 111110116991054411697 104 1051311011634101116114102114104115108102 114118100 10411011298105 101110 10499 11710899109110101115
1141011155845

  8410199 111101 11611697 121110109 10110111811597989710013   110 10811111611610199 121110116114 11511598117100
  84 104116105 111107 110 10510111610110010139 9710034

101109115 101114105 105100116105 11111611097 114116105103117100114116101112101117105101
103105115 105 97108110 110 105 1144497100116105 110105110116111 116116101105106115105101
10211610197116116100 100112101 11197100 10410998  11497 97116111 104 105100101
10811510144105 101119117100117100114116110 104 105104112101115114 102839710111297101115
101108110115116119114115116101110981011211171041191111041009711211199101 105 117108111 1041397116108118110 114100116111115111 104 1141151111149944971001161019811410510310111611710511513111 104 111110 111 11010110899117108115112114111105121 10510897 1019811444119116 105139897116 110 105 1011151101089997109 117116104118 111101116 105 10510197118114 11010113111 1051044497109115101103114102111  10510411411911410011697 104116105 10499 105 11113119115991154672 97  105105103119116101115116 104 9711611697 104107115101114 97 1111399110101110100116 1011071161019711297115 10211610110910810511710197111101 117 111108 10513116101102118117 10211610111098101116105 104 97100 110 97 111 120108100100102111  101112
110 108111116112115105110116 11410110010411211910510411297101 105 11097 11397 11111611013119116 104 101114114111 1109799101116110109468010911410739 11497 101117121110 1119813109100  101112105112101115111 112110116101989711645111101 11083971011129710111511511746
116105 1011211121119710844116111 104116116101121117103971051169997449799114105103116 10413102115105110111 104 10510144109100 104 11111610411510098111 111 111105101 10110197116111115
104110109114 114101100104112 110 104107115101114 117116116117 97101102108 11198121
97110117 104 105117116111 110119105104104 97 1089910098 104 11011410310198116101110
105 1051161011159710010411510210511046  46

1109712199115441161019710299105110119116 10499 101981111011051151051011383971011129710145104 971151119710197116991091104410897105103101101 11110697111115 102
116101 111116 100105101 121116101121117103110981019745104100110116111108  10510511011544
117 110101111105 101118117 11710497 101110118114102110 11011111499110117121109110102115101139811610111010911097100109110 11110111599 110101112101115111 115116105 11083110101 1205845

  84101 105101109 1019910944110120 12110497101 104 10111613   118110116 104 11710197100109115 111116108118110 1149711634

1041151019711612199114101112110115116 105104101 1101011111151149911010845117116100100115114 111
9997112105 105 10111410510397109 105 10111439 111101 1111003479 98101118 11710497
10510197 104115105 11111011610812046451313  3411197101121117116 121116111103116 115102111 11110810246131387 97101104114 110101971169911711611497116116 104 111108119110 120114115105110 11097
101116114102111 105104101 110101111116 97971051144410011610074108 53515834 111108 9713114116101 111103116116101102111 110119105104731081184411910510411910199101108 117116105115116101
11112197111101 104110121117 97101 10499 11711610511598116 1111219710011511744102108105103
111104119116 11710410411210510111511697  97 10110811010510411499114 111 101114111 1011161311910510173104118 116105 12110910911446915693

104 9711511197101102114111114111 104115102105110115105 1101161018097111105 111101 115
99111112110101 110839710111297101 115105 105104101 110101111 121971159810511511811011513111 104 97116111 104 108101 114101100116119114115116101121117103114 1049944105 10411513116111115112101101103110117101449710299115116101109100114 101100114112105102108121 97104104100112116
102 118114 104101 102112105101105 10197105110116 105 1001081151001211171031021051104672119
11697103 116115101115116 1051008397101112971019910810510310410910110212111710372114101116115
11597101349710097115114110 105 10411610411511610944109114 1149911111511697 1041161111397121111104114109110116101 105105103 115111 111118108101 11111697 105 114101100109121108116
105 97116111 117109110104109116 105 10510197 105 9711499 110 9799 10511611646
11083110101 11810546104 11297115111 11697 111 104 97101109 105115 1111141159710134
11111011610810546114110 104115451313  34101110 121117 10811895 104116115111108  1119811611611013   11211011610110411711597100116109115111 11111410011511463
  73104118 111112101105117 10510197 108 11111510110013   111 10111899115116 111 10510812111711411310510113   111 97101739910510111610111911410011911611111610110010411744
  87105115 44109 111101101103441191161041161019911110710211412111713   111 104110 104 105116114101115111 9810199 11111413   104110121117104118 105 1111141151149711611199 10010159
  78114100114  117115105110119116 1211069711111511611110311613   104114 111 97 101 114121117 10297114 11711211559
  66116 1051019711510011597101 11612197100116105107111 11110311613   97101 104114 111 114 111 97112 111 9710111611110134

11711697 105104101 110101111115111101116 9797105114 10210411511911411597 104117104
104121119114 9911410112111911410410411510210511039 111105101 111100101 10410711510111413115109116109115115101107111 105 101115115 11083110101 12010546104 101115104115102105110115116133410111511410134116101 104110104 115100975845

  65100116111103 10412198 11711511411239 12110110112111211013   101101118 104109102114109 111101 111 111 104105 10410944
  6999101101 121116101104105104 10210411210511410911034

104115104109108116 101111101 117116 1011129998101119101  11497104105 104101116110100
101119101 104 11410110046839710111297101116101 101101116100121112111105101 111116 108991011310410910110211697 105 11410110011597108114974411011611597101 117 111111114 114109104115
971161081151101154673 11111011610812011810546451313  34105104109110 119 1011071011159810510398115 9911710511610013   112110116121112114  97 101 11111097115111121
  79 97108115991101011081001191011011107397 1169711010144
  8497 104117 110108115110 101 104108 105 11710410311112134

11111011610812010546105 116108 111101115114110108 111100100451313  3410411799110116110116 111101 10510397101109 97102115 10844
  84 101  111109117111 101105101 10411010113   11573108 121101102100115114995810711110510311612111910844
  73119108 991171051161101011151141101084497100108111 1169710359
  66 98101116102111 104 971075997100105 12111611011713   104 11910145101111101 97101110 1111011159710810010110813   1011167340111 11710411211197101 104117100100 11611911110313   110 97108 10211111411110097113971109799 10110813    70114116101449797110116109115108 391081181191009811644
    111  11711611039114108118 105 104109116111 11111610411646131387 114 11110510510112111511411411510011910144105  10510310111211597101 11083110101 12010544
10199109 11211097102114105108 120114115105110111 1011021081185998116105 1111151101161011161101398121110 104 105115 97102111 104 111110116 11011610111599110 97102116105 10110210811813105 108101100 1019710010097  1054497100839710111297101104109108 10297101 1051151081398102114 105 114101100 108 104 11110110397108 11111511610111497101 10199109 104 101138311010111540118 110 12012046 110119105104116101112101 111102100110108 11410099115116101
109111116108116 1021161011011041151171161141101014673 115116117 10411683971011129710110513104114 11497108 1101081019910098 110105117116 110 121116101102115105110111 105 10359
110 116105 10511212197 101111100 10210411510210511039 101117121971009710598108116 104116
105 10111511597101116 1011121011011181001161141171049710897101 111991094666116110 111116
105104117  111110 110 1051111111151151084511110210011010199117100104118 114116101 105104114
104115 105101 11083110101 1185845